001311
002050
002130
002156
002414
002463
002472
002484
002837
002851
002975
300100
300124
300236
300308
300394
300476
300502
300547
300548
300604
300757
300811
300857
300976
301128
301297
600183
600584
601138
601231
601689
601869
603228
603256
603283
603516
603650
603662
603757
688017
688313
688498
600036
601318
601166
601398
601288
601988
601628
600030
600519
000858
600887
000333
000651
603288
600690
002714
600276
300760
603259
000538
002594
300750
601012
002475
603501
002415
688981
688111
300059
600570
002230
600760
600893
601899
601088
600028
601857
600900
601985
600048
601668
600104
000625
601633
600009
601111
603986
002049
603160
300661
600050
601728
600941
600019
600309
601888
